  -1.1738890e+00
   2.1535913e+00
   4.2517927e-01
   3.6387903e-01
   1.1435855e+00
   4.0193866e+00
  -3.8968510e-01
  -3.9560201e+00
  -3.1106647e+00
  -8.1224371e+00
   3.1712772e+00
  -4.2840585e+00
  -6.6385283e+00
  -5.7542994e+00
  -4.5409135e+00
  -1.0525267e+01
  -1.5815084e+01
  -6.1278301e+00
  -1.4287058e+01
  -9.2874584e+00
  -1.6189464e+00
   5.6427681e+00
   1.0628503e+01
   1.4504094e+01
   3.0627852e+01
   3.9958804e+01
   4.8348722e+01
   4.9013173e+01
   4.9914568e+01
   4.7253874e+01
   4.4688223e+01
   4.8167515e+01
   5.1084187e+01
   5.1239613e+01
   4.8273311e+01
   2.4182378e+01
   1.7686187e+01
  -2.5900121e+00
  -4.1959755e+00
  -9.3037408e+00
  -1.6240681e+01
  -4.5390968e+01
  -5.4657578e+01
  -6.0982254e+01
  -4.0511098e+01
  -5.4704315e+01
  -3.1794841e+01
  -3.7487064e+01
  -5.4745672e+01
  -6.5897887e+01
  -7.0613245e+01
  -5.4781727e+01
  -6.1101074e+01
  -6.5700629e+01
  -4.9093518e+01
  -5.8955293e+01
   4.9575122e+00
   7.4850920e+00
   8.4589612e+00
   1.9555335e+01
   2.7746574e+01
   3.3450726e+01
   3.8933034e+01
   4.1416794e+01
   4.5550960e+01
   4.9498059e+01
   5.0426985e+01
   5.5169646e+01
   6.0679046e+01
   7.1946488e+01
   7.0468840e+01
   7.4293849e+01
   7.0318893e+01
   6.2499255e+01
   6.6292396e+01
   6.0809519e+01
   6.8108462e+01
   5.8326074e+01
   4.8406675e+01
   4.6249693e+01
   4.6592441e+01
   4.6922908e+01
   4.5289059e+01
   2.4455644e+01
   9.3979865e+00
   2.7857651e+00
  -1.0794209e+01
  -2.4409358e+01
  -2.7023423e+01
  -1.9969864e+01
  -2.4734461e+01
  -2.8384359e+01
  -1.7565422e+01
  -1.7167519e+01
  -8.6447863e+00
  -1.8690892e+01
  -2.8462975e+01
  -3.2756380e+01
  -1.5690213e+01
  -1.2512866e+01
  -4.6455280e+00
  -2.2326143e+00
  -6.3979521e+00
  -8.4015766e+00
  -9.0002979e+00
  -5.8820493e+00
  -4.7418211e+00
  -1.8332117e+01
  -3.0894687e+01
  -2.6849952e+01
  -2.7124758e+01
  -2.5315393e+01
  -1.8289071e+01
  -2.2498161e+01
  -2.5950453e+01
  -2.8461283e+01
  -2.8558260e+01
  -1.5805141e+01
  -1.6222572e+01
  -2.0109233e+01
  -2.0519414e+01
  -2.0766921e+01
  -2.1170014e+01
  -2.1725743e+01
  -7.9880518e+00
  -3.9920631e+00
  -1.0457444e+01
  -1.0836453e+01
  -2.0505487e+00
  -5.0408350e+00
   4.3682127e+00
   2.3317852e+00
  -4.0944453e+00
  -5.9983293e-01
   1.0370042e+01
   1.1250624e+01
   2.1757368e+01
   2.9914963e+01
   3.3204238e+01
   2.4772568e+01
   2.7602836e+01
   2.7155865e+01
   2.9306521e+01
   2.2311179e+01
   2.1427941e+01
   2.3473600e+01
   2.3812970e+01
   3.1562086e+01
   3.2486714e+01
   2.9217406e+01
   2.3962078e+01
   2.7601651e+01
   2.7825623e+01
   2.7394102e+01
   3.1072576e+01
   3.2165726e+01
   3.0028873e+01
   2.8753099e+01
   2.3660462e+01
   2.1605916e+01
   1.6873463e+01
   1.8918671e+01
   1.4684295e+01
   5.9832091e+00
   4.6041586e+00
   5.8580505e+00
   5.3085635e+00
   1.7715398e+00
  -6.2837559e-01
  -5.6954309e+00
  -5.5536899e-01
   3.5512716e+00
   1.6286727e+00
  -1.2061744e+01
  -2.7396288e+01
  -2.8947676e+01
  -1.8486591e+01
  -1.8163527e+01
  -1.6402952e+01
  -1.3289992e+01
  -1.2042782e+01
  -9.1290473e+00
  -7.4004594e+00
  -6.0806664e+00
  -6.2373620e+00
  -1.4791853e+01
  -2.1820753e+01
  -2.2479019e+01
  -2.0528130e+01
  -1.8684784e+01
  -1.4186016e+01
  -2.0503559e+01
  -1.9462260e+01
  -1.5477921e+01
  -1.2960095e+01
  -1.0706036e+01
  -1.1015867e+01
  -1.6145047e+01
  -1.9145869e+01
  -1.8606275e+01
  -1.6678184e+01
  -1.5938530e+01
  -1.1480281e+01
  -1.3246776e+01
  -1.5282004e+01
  -1.7979359e+01
  -1.6990806e+01
  -1.3987929e+01
  -1.6305731e+01
  -2.2124238e+01
  -3.2553614e+01
  -3.7874846e+01
  -3.2374882e+01
  -2.3611552e+01
  -2.3129394e+01
  -2.3076002e+01
  -2.4204159e+01
  -3.3419003e+01
  -3.5767871e+01
  -4.0176428e+01
  -4.3913067e+01
  -4.6269727e+01
  -5.6129010e+01
  -5.3690914e+01
  -3.4527358e+01
  -3.0599761e+01
  -3.2169681e+01
  -3.8730003e+01
  -2.9014144e+01
  -2.5838178e+01
  -2.1508096e+01
  -1.5491923e+01
  -1.2115203e+01
  -1.8854564e+01
  -2.0647735e+01
  -1.1829240e+01
  -1.3883813e+01
  -1.0998938e+01
  -8.2298325e+00
  -4.3058040e+00
  -1.9233028e-01
   5.3964349e+00
   7.8174143e+00
   4.0750823e+00
   9.3190323e-01
  -4.3977136e+00
  -7.8409529e+00
  -6.7829685e+00
  -4.4378496e+00
  -2.9507924e+00
   1.9217808e+00
   3.5794273e+00
   6.5654395e+00
   3.9245078e+00
   6.3181265e+00
   5.8141487e+00
   7.7957688e+00
  -9.4668107e-01
  -1.9946163e+00
  -1.1596976e+00
  -4.0351905e-01
   2.7480739e+00
   6.2158971e+00
   4.5376555e+00
   5.0784737e+00
   3.4263532e+00
   3.0709118e+00
  -1.6162241e+00
  -6.0160126e+00
  -1.0799198e+01
  -1.6365953e+01
  -1.1639766e+01
  -1.3214732e+01
  -1.1236817e+01
  -8.6084122e+00
  -3.9777149e+00
  -3.7117547e+00
   1.0666505e+00
   4.8659329e+00
   1.4792664e+00
   3.2063613e+00
   4.1947817e+00
   3.5158776e-01
  -2.1143033e+00
  -6.2749649e-01
   1.4900629e+00
   1.6865813e+00
  -8.7194097e-01
  -2.1373187e+00
  -8.7604608e+00
  -1.2639364e+01
  -1.4662800e+01
  -1.0518791e+01
  -1.4797421e+01
  -2.0078208e+01
  -2.0007664e+01
  -2.0754293e+01
  -2.0456086e+01
  -1.3332787e+01
  -7.1048129e+00
  -9.4950477e+00
  -8.3406455e+00
  -4.1968937e+00
  -2.2681951e+00
   6.1866910e-01
  -8.3861016e-01
  -6.3673021e+00
  -5.9821635e+00
  -4.8253451e+00
  -6.6557363e+00
  -9.4926475e+00
  -1.2162888e+01
  -1.2279753e+01
  -1.5560268e+01
  -1.5890422e+01
  -9.2419389e+00
  -2.7296965e+00
  -7.3527729e+00
  -5.3731416e+00
  -2.8551823e+00
  -1.0443831e+00
   6.5626262e+00
   7.8168078e+00
   1.0768481e+01
   1.1237873e+01
   1.0632737e+01
   1.4753817e+01
   1.5713916e+01
   1.5585516e+01
   1.0901708e+01
   1.0232552e+01
   1.2731740e+01
   1.1217007e+01
   4.2789698e+00
   2.7005084e+00
   1.8978314e+00
  -5.8144513e-01
  -4.2067140e+00
  -6.0953458e+00
  -3.7755902e+00
  -5.1093370e+00
  -1.0493567e+01
  -1.7443010e+01
  -1.8982676e+01
  -2.2135447e+01
  -1.6819420e+01
  -4.0546639e+00
  -2.8482766e+00
  -3.5983044e+00
  -4.3675601e+00
  -3.0571810e+00
  -6.0430494e+00
  -9.7004642e+00
  -9.9036132e+00
  -7.1522826e+00
  -8.9660468e+00
  -8.8647074e+00
  -7.7597350e+00
  -1.1197604e+01
  -1.1115527e+01
  -1.4583978e+01
  -2.3580074e+01
  -1.9288803e+01
  -2.3305158e+01
  -2.3506280e+01
  -2.8969616e+01
  -3.3277288e+01
  -3.6569706e+01
  -3.0534574e+01
  -2.2968868e+01
  -2.4427921e+01
  -3.2151427e+01
  -3.5868534e+01
  -3.2902816e+01
  -2.3425796e+01
  -2.6677724e+01
  -1.8073469e+01
  -2.2097702e+01
  -2.3026645e+01
  -1.8979372e+01
  -1.3984679e+01
  -5.6739732e+00
  -5.8131898e+00
  -5.4780733e+00
  -4.5000930e+00
  -3.8848873e+00
   3.0253720e+00
   4.6327888e+00
   2.8480098e+00
   2.1144202e+00
   2.8980409e+00
   3.7251395e+00
   5.4274855e+00
   6.0609877e+00
   5.8053998e+00
   2.6935165e+00
   1.0825404e+00
  -1.6484201e+00
  -7.3009823e-01
  -2.7538735e+00
  -2.7271003e+00
  -5.2160506e+00
  -1.1663555e+01
  -2.3316404e+01
  -2.5707500e+01
  -2.8406648e+01
  -3.1308517e+01
  -2.9880729e+01
  -2.5491950e+01
  -2.3531729e+01
  -1.7411206e+01
  -1.6984614e+01
  -1.9284867e+01
  -2.1334967e+01
  -2.1752187e+01
  -2.0955370e+01
  -1.1476428e+01
  -3.9299005e+00
  -5.2813514e-01
   5.7766959e+00
   6.3284355e+00
   5.4704267e+00
   1.0007421e+01
   1.5294599e+01
   1.8883875e+01
   1.7229761e+01
   1.8191644e+01
   1.9681972e+01
   2.2528623e+01
   4.1431701e+01
   4.2272935e+01
   4.4800105e+01
   4.8468518e+01
   4.9720921e+01
   4.7929140e+01
   4.3872367e+01
   3.6429467e+01
   2.8745065e+01
   3.8071144e+01
   4.1477440e+01
   4.1172954e+01
   4.3801735e+01
   4.8364907e+01
   4.9749228e+01
   4.3815399e+01
   4.3837457e+01
   4.4695462e+01
   4.3623695e+01
   3.7018732e+01
   2.6994735e+01
   1.8304513e+01
   1.7682357e+01
   2.5821053e+01
   3.0239107e+01
   2.8072295e+01
   2.4028375e+01
   1.8207234e+01
   2.1450309e+01
   2.3898764e+01
   2.1593107e+01
   2.1159502e+01
   2.5232285e+01
   2.9142215e+01
   3.5514472e+01
   3.9253931e+01
   3.9839579e+01
   4.1298296e+01
   4.2082421e+01
   4.3055042e+01
   4.2440556e+01
   4.6878425e+01
   5.0262651e+01
   5.3151503e+01
   5.0169688e+01
   5.3941937e+01
   5.6657190e+01
   6.1162923e+01
   6.6075167e+01
   6.5802070e+01
   6.4049923e+01
   5.5563665e+01
   5.4387431e+01
   5.8597346e+01
   5.9322390e+01
   6.5824220e+01
   6.3600480e+01
   5.9639795e+01
   5.5021970e+01
   4.3714693e+01
   7.8478136e+00
  -3.3188525e+01
  -3.8978254e+01
  -2.5590574e+01
   1.0958756e+01
   1.4552926e+01
   7.3481224e+00
   2.5295932e+01
   3.9285921e+01
   3.5186274e+01
   2.6964282e+01
   2.1876406e+01
   2.7772550e+01
   4.0307651e+01
   3.7201305e+01
   3.3204667e+01
   2.7396407e+01
   3.4158653e+01
   3.2497705e+01
   4.0786651e+01
   3.3577083e+01
   1.4788918e+01
   2.4785663e+01
   2.9119051e+01
   2.8641006e+01
   2.2871484e+01
   1.7243942e+01
   1.8613948e-01
  -8.7932098e+00
   2.9261822e+00
  -2.5571031e+00
  -2.2908585e+00
   8.3830072e-01
  -1.6048113e+00
  -9.0772207e-01
   1.2343491e+01
   1.7580328e+01
   1.2429551e+01
   1.3426296e+01
  -1.6120510e+01
  -4.2121560e+01
  -2.7935404e+01
  -1.7131243e+01
  -1.2252304e+01
  -2.1482243e+01
  -1.4062834e+01
  -3.5522327e+01
  -4.1173508e+01
  -2.0947617e+01
  -1.6150227e+01
  -2.7151694e+01
  -3.4243228e+01
  -3.7028414e+01
  -2.5367785e+01
  -2.5097097e+01
  -2.6605080e+01
  -2.0191775e+01
  -9.6745912e+00
  -1.1448169e+01
   1.0732333e+01
   1.5961958e+01
   7.4581109e+00
   2.2096118e+01
   4.6615362e+00
  -8.4689766e+00
   5.3104529e+00
  -1.3300601e+01
  -1.6334955e+01
  -2.1378663e+01
  -3.0267224e+01
  -1.9246744e+01
  -8.5020982e+00
  -9.4333383e+00
   1.2018367e+00
  -1.9903018e+01
  -3.4547139e+01
  -5.9260506e+01
  -5.3184392e+01
  -5.0769137e+01
  -5.0000084e+01
  -3.7200780e+01
  -1.4499461e+01
  -9.0236359e+00
  -1.9754566e+01
  -2.7334420e+01
  -5.1411864e+01
  -6.1765990e+01
  -9.5952432e+01
  -1.3403719e+02
  -9.6490334e+01
  -4.6824523e+01
  -4.5100885e+01
  -4.6743691e+01
  -3.4317411e+01
  -3.7965445e+01
